% vector of translation

q_home=[-1.9494;-0.0347;-1.1961;-1.0551;0.0367; -2.0500; 1.5847];

v_translation=[-0.1592 -0.6765 0.6338,
               -0.1065 0.363 0.674;
               0.0735 0.2639 0.66;
               -0.1430 0.5261 0.53;
               0.2140 0.4408 0.6254;
               0.2214 0.5998 0.57];

v_orientation=[pi, 0,     0;
               pi, 0,     0;
               pi, 0,     0;
               pi, 0, -pi/2;
               pi, 0,  -pi/4;
               pi, 0, -pi/2;];

v_bin=["blue";"green";"blue";"blue";"green";"blue"];